3
14
2
1
0
2
0
1
5
2
25
23
47
30
67
25
78
15
75
35
top
0
3
0
3
3
1
30
37
67
25
45
30
top
bottom
right
0
4
0
1
6
0
20
22
20
40
50
25
60
22
62
40
75
25
bottom
1
1
0
1
4
1
24
23
40
27
65
26
55
30
right
1
3
0
2
4
0
24
15
24
37
45
26
60
37
right
left
2
0
0
1
5
0
25
17
25
37
50
25
80
17
80
37
top
2
1
0
4
1
0
65
26
top
bottom
left
right
2
2
0
2
3
1
20
40
77
23
40
25
top
bottom
2
3
0
3
4
1
23
40
47
24
65
40
15
20
bottom
left
right
3
1
0
1
3
0
50
15
50
25
50
35
left
3
3
0
2
3
0
25
35
50
20
65
35
left
right
4
2
0
1
4
1
25
22
25
35
65
27
70
20
top
4
3
0
3
5
2
35
25
50
37
65
25
20
18
75
45
top
bottom
left
4
4
1
1
0
0
95.5
43
50
25
bottom


