4
13
1
3
0
2
0
1
6
1
25
20
25
40
50
23
50
43
75
26
12
26
right
1
1
0
2
4
1
45
15
48
35
68
25
67
8
top
right
1
2
0
3
5
2
45
23
50
35
70
23
35
40
65
37
left
bottom
right
1
3
0
1
2
1
78
23
78
37
right
2
0
0
1
5
2
29
19
55
27
75
38
15
40
75
17
top
2
1
0
3
4
2
29
25
55
27
10
40
75
12
left
bottom
right
2
2
1
1
0
0
95.5
43
67
25
left
2
3
0
3
4
2
55
39
65
41
20
20
80
23
left
top
right
2
4
0
1
5
2
30
40
50
30
70
40
20
25
80
25
bottom
3
1
0
2
4
1
40
21
45
30
70
30
77
23
top
left
3
2
0
2
3
1
45
25
53
30
77
23
top
bottom
3
3
0
2
4
1
45
23
55
30
65
25
17
43
left
bottom
4
2
0
1
5
1
40
10
40
35
55
25
60
30
80
15
left









